train_auc: 0.971994688576
test_auc: 0.874291497976
