train_auc: 0.970916057123
test_auc: 0.833130904184
